-2.250357568264007568e-01
-2.273715883493423462e-01
-2.267986536026000977e-01
-2.261627167463302612e-01
-2.257465273141860962e-01
-2.240011841058731079e-01
-2.241075336933135986e-01
-2.275109142065048218e-01
-2.287001609802246094e-01
-2.274451702833175659e-01
-2.262459099292755127e-01
-2.266960293054580688e-01
-2.257405221462249756e-01
-2.223432213068008423e-01
-2.202391177415847778e-01
-2.230231016874313354e-01
-2.236420214176177979e-01
-2.250850051641464233e-01
-2.244222313165664673e-01
-2.219262868165969849e-01
-2.221068739891052246e-01
-2.243960946798324585e-01
-2.275000661611557007e-01
-2.282546907663345337e-01
-2.299181222915649414e-01
-2.271661013364791870e-01
-2.295368760824203491e-01
-2.244816273450851440e-01
-2.260054051876068115e-01
-2.269184291362762451e-01
-2.271032184362411499e-01
-2.246848642826080322e-01
-2.251701653003692627e-01
-2.235643565654754639e-01
-2.253664582967758179e-01
-2.265289872884750366e-01
-2.237635403871536255e-01
-2.246397435665130615e-01
-2.256229519844055176e-01
-2.281299680471420288e-01
-2.281260490417480469e-01
-2.307978272438049316e-01
-2.284442037343978882e-01
-2.263571023941040039e-01
-2.252368777990341187e-01
-2.225016206502914429e-01
-2.223904430866241455e-01
-2.235986590385437012e-01
-2.303405553102493286e-01
-2.316905856132507324e-01
-2.322030067443847656e-01
-2.240089774131774902e-01
-2.270474880933761597e-01
-2.257196456193923950e-01
-2.256907075643539429e-01
-2.279519140720367432e-01
-2.326753884553909302e-01
-2.331783771514892578e-01
-2.393300086259841919e-01
-2.355140447616577148e-01
-2.310521006584167480e-01
-2.320024967193603516e-01
-2.278654873371124268e-01
-2.276657074689865112e-01
-2.240783572196960449e-01
-2.213923484086990356e-01
-2.260535806417465210e-01
-2.257007956504821777e-01
-2.242497056722640991e-01
-2.228832393884658813e-01
-2.272004485130310059e-01
-2.317236959934234619e-01
-2.337123602628707886e-01
-2.317135930061340332e-01
-2.267915308475494385e-01
-2.250380963087081909e-01
-2.159792780876159668e-01
-2.157074213027954102e-01
-2.145602554082870483e-01
-2.171761244535446167e-01
-2.211644053459167480e-01
-2.195359170436859131e-01
-2.241428345441818237e-01
-2.296184152364730835e-01
-2.246717661619186401e-01
-2.297209352254867554e-01
-2.316776365041732788e-01
-2.336419522762298584e-01
-2.460140138864517212e-01
-2.454661577939987183e-01
-2.451728284358978271e-01
-2.423229515552520752e-01
-2.355165183544158936e-01
-2.355003654956817627e-01
-2.555675804615020752e-01
-2.083785086870193481e-01
-2.307866811752319336e-01
-2.284173220396041870e-01
-2.216663211584091187e-01
-2.220085859298706055e-01
-2.238658517599105835e-01
-2.221134752035140991e-01
-2.231401205062866211e-01
-2.349271029233932495e-01
-2.405455112457275391e-01
-2.411902397871017456e-01
-2.374029606580734253e-01
-2.386943548917770386e-01
-1.886524409055709839e-01
-1.756679862737655640e-01
-1.422029286623001099e-01
-1.262731552124023438e-01
-7.538302242755889893e-02
-5.082747340202331543e-02
2.633601799607276917e-02
9.900087118148803711e-02
1.702904105186462402e-01
1.560949683189392090e-01
1.746598780155181885e-01
2.630580961704254150e-01
4.057363867759704590e-01
4.402016103267669678e-01
4.452720880508422852e-01
4.451748132705688477e-01
4.475777149200439453e-01
4.443857371807098389e-01
4.442812502384185791e-01
4.175259768962860107e-01
-2.355355024337768555e-01
-2.316223084926605225e-01
-2.018589526414871216e-01
-2.259043455123901367e-01
-2.172921746969223022e-01
-1.850781142711639404e-01
-1.579364687204360962e-01
-7.079421728849411011e-02
1.993162781000137329e-01
3.511018753051757812e-01
4.499200582504272461e-01
4.468523561954498291e-01
4.504467546939849854e-01
4.516373574733734131e-01
4.528648853302001953e-01
4.518420100212097168e-01
4.526825547218322754e-01
4.469768702983856201e-01
4.492184221744537354e-01
4.516737461090087891e-01
4.526101648807525635e-01
4.459998607635498047e-01
4.457501471042633057e-01
4.471855759620666504e-01
4.473573565483093262e-01
4.472229480743408203e-01
4.459453225135803223e-01
4.477232396602630615e-01
4.483895897865295410e-01
4.480161070823669434e-01
4.490651488304138184e-01
4.391662180423736572e-01
3.428072929382324219e-01
4.097233414649963379e-01
4.265413582324981689e-01
4.281180202960968018e-01
4.580072164535522461e-01
4.569558203220367432e-01
4.579001963138580322e-01
4.541321098804473877e-01
4.472203850746154785e-01
4.491918683052062988e-01
4.450325071811676025e-01
4.480939209461212158e-01
4.493889212608337402e-01
4.488691985607147217e-01
4.512982666492462158e-01
4.493688046932220459e-01
4.500972032546997070e-01
4.494335055351257324e-01
4.493083953857421875e-01
4.482631683349609375e-01
4.506158232688903809e-01
4.468191564083099365e-01
4.467691779136657715e-01
4.490975141525268555e-01
4.493120908737182617e-01
4.478708803653717041e-01
4.465690553188323975e-01
4.489379525184631348e-01
4.495711028575897217e-01
4.492721855640411377e-01
4.493707716464996338e-01
4.466605782508850098e-01
4.474314451217651367e-01
4.481758177280426025e-01
4.435023963451385498e-01
4.487619102001190186e-01
4.500847160816192627e-01
4.496831893920898438e-01
4.488267898559570312e-01
4.499462544918060303e-01
4.476749300956726074e-01
4.488539695739746094e-01
4.475228786468505859e-01
4.479363262653350830e-01
4.480449259281158447e-01
4.483356177806854248e-01
4.485819637775421143e-01
4.477618932723999023e-01
4.490653276443481445e-01
4.487546384334564209e-01
4.493014812469482422e-01
4.490348398685455322e-01
4.493283331394195557e-01
4.486894011497497559e-01
4.498546719551086426e-01
4.500058293342590332e-01
4.487569332122802734e-01
4.481471180915832520e-01
4.493551850318908691e-01
4.495225548744201660e-01
4.497271478176116943e-01
4.498529136180877686e-01
4.492020905017852783e-01
4.486213326454162598e-01
4.472776949405670166e-01
4.504882097244262695e-01
4.465805888175964355e-01
4.489466845989227295e-01
4.474307596683502197e-01
4.509960711002349854e-01
4.513482153415679932e-01
4.507982730865478516e-01
4.525008499622344971e-01
4.520336687564849854e-01
4.514623284339904785e-01
4.503588974475860596e-01
4.501407146453857422e-01
4.496337771415710449e-01
4.500037133693695068e-01
4.486073553562164307e-01
4.493275284767150879e-01
4.472775161266326904e-01
4.467441737651824951e-01
4.426322877407073975e-01
4.454332292079925537e-01
4.442698657512664795e-01
4.464580416679382324e-01
4.462270438671112061e-01
4.464835226535797119e-01
4.438061416149139404e-01
4.472663104534149170e-01
4.450442790985107422e-01
4.459620118141174316e-01
4.474138617515563965e-01
4.484571516513824463e-01
4.482959210872650146e-01
4.435140788555145264e-01
4.481016397476196289e-01
4.515952765941619873e-01
4.432321786880493164e-01
4.415402412414550781e-01
4.479842483997344971e-01
4.488285779953002930e-01
4.471100270748138428e-01
4.463417828083038330e-01
4.507050216197967529e-01
4.475359022617340088e-01
4.487214684486389160e-01
4.473249614238739014e-01
4.507564008235931396e-01
4.535553455352783203e-01
4.534797966480255127e-01
4.463813006877899170e-01
4.472838044166564941e-01
4.402794539928436279e-01
4.325444102287292480e-01
4.372510313987731934e-01
4.455193281173706055e-01
4.478981494903564453e-01
4.414097070693969727e-01
4.411059916019439697e-01
4.413659572601318359e-01
4.331626296043395996e-01
4.213472902774810791e-01
4.379917085170745850e-01
4.440097510814666748e-01
4.518199563026428223e-01
4.134145379066467285e-01
4.118403494358062744e-01
4.476514756679534912e-01
4.503712952136993408e-01
4.409920871257781982e-01
3.843025863170623779e-01
2.647239267826080322e-01
1.495987623929977417e-01
7.027041167020797729e-02
9.665664285421371460e-03
5.600288975983858109e-03
5.031051114201545715e-03
3.665834665298461914e-04
-4.290851764380931854e-03
-5.402348004281520844e-03
2.369563328102231026e-03
4.091224633157253265e-03
-3.827016567811369896e-03
-2.192687243223190308e-03
-2.651923568919301033e-03
-5.053551401942968369e-03
-2.942657796666026115e-03
-1.684768241830170155e-03
-2.034288598224520683e-03
-5.681586917489767075e-03
-3.459126455709338188e-03
-1.138269435614347458e-03
-4.114708863198757172e-03
-7.598462048918008804e-03
1.602826872840523720e-03
1.482291729189455509e-03
-6.842997856438159943e-03
2.491350099444389343e-02
1.299472004175186157e-01
1.119451299309730530e-01
4.904975369572639465e-02
2.600777149200439453e-02
1.975876279175281525e-03
-6.490124389529228210e-03
5.384691059589385986e-03
2.452040556818246841e-03
3.555565373972058296e-03
2.529451623558998108e-03
8.598413318395614624e-03
4.443958401679992676e-03
-5.135684041306376457e-04
-7.852347567677497864e-03
1.391931436955928802e-03
1.552923116832971573e-03
3.012334695085883141e-03
-2.498680958524346352e-03
-3.094971179962158203e-05
4.375727381557226181e-03
3.957593347877264023e-03
1.765368273481726646e-03
5.510587245225906372e-03
8.680214174091815948e-03
6.521325558423995972e-03
5.243908613920211792e-03
7.288698572665452957e-03
1.598272658884525299e-02
5.036474671214818954e-03
3.457532264292240143e-03
6.785422563552856445e-03
8.369205519556999207e-03
1.932024210691452026e-02
7.919174619019031525e-03
4.692505113780498505e-03
8.526072837412357330e-03
5.781376734375953674e-03
1.159925851970911026e-02
7.712671533226966858e-03
3.116090549156069756e-03
-4.506110213696956635e-03
-6.894120946526527405e-03
-4.824809264391660690e-03
-2.058875514194369316e-03
-1.316174049861729145e-03
-1.948756282217800617e-03
-2.645635278895497322e-03
-7.802371867001056671e-03
-4.778840113431215286e-03
-8.478273637592792511e-03
-3.681329777464270592e-03
-2.235647290945053101e-03
9.179115295410156250e-06
2.662092447280883789e-04
1.052607409656047821e-02
2.170256152749061584e-02
2.208322286605834961e-02
2.842804603278636932e-02
3.766808286309242249e-02
5.650961771607398987e-02
5.980404466390609741e-02
6.856077164411544800e-02
8.786241710186004639e-02
1.381417363882064819e-01
3.806126490235328674e-02
7.378652691841125488e-03
-1.970563456416130066e-02
1.009291317313909531e-02
8.832666277885437012e-02
1.611031442880630493e-01
2.547176480293273926e-01
3.445646166801452637e-01
4.262613356113433838e-01
4.367669522762298584e-01
4.487545788288116455e-01
4.436876475811004639e-01
4.456073939800262451e-01
4.447654187679290771e-01
4.487254321575164795e-01
4.477356672286987305e-01
4.499775171279907227e-01
4.452560544013977051e-01
4.505428075790405273e-01
4.507762491703033447e-01
4.521424174308776855e-01
4.495429098606109619e-01
4.525480866432189941e-01
4.530279636383056641e-01
4.527488648891448975e-01
4.513441920280456543e-01
4.529929459095001221e-01
4.533610641956329346e-01
4.535403251647949219e-01
4.510652124881744385e-01
4.585945904254913330e-01
4.520200788974761963e-01
2.904050052165985107e-01
3.876975476741790771e-01
4.506455063819885254e-01
4.508468508720397949e-01
4.508811235427856445e-01
4.538598656654357910e-01
4.485533237457275391e-01
4.500418901443481445e-01
4.481641650199890137e-01
4.495542049407958984e-01
4.469747543334960938e-01
4.474486410617828369e-01
4.480843544006347656e-01
4.483202397823333740e-01
4.473946094512939453e-01
4.476243555545806885e-01
4.480459094047546387e-01
4.484240114688873291e-01
4.486007392406463623e-01
4.501661062240600586e-01
4.500759541988372803e-01
4.489449560642242432e-01
4.508892297744750977e-01
4.498206079006195068e-01
4.497854411602020264e-01
4.494407773017883301e-01
4.500946104526519775e-01
4.492651820182800293e-01
4.499653279781341553e-01
4.472000896930694580e-01
4.486236870288848877e-01
4.440901577472686768e-01
4.447275698184967041e-01
4.501188993453979492e-01
4.488213658332824707e-01
4.492571949958801270e-01
4.486311078071594238e-01
4.498161673545837402e-01
4.493683874607086182e-01
4.503142535686492920e-01
4.486878812313079834e-01
4.480879604816436768e-01
4.477554261684417725e-01
4.483385682106018066e-01
4.488908350467681885e-01
4.491375088691711426e-01
4.491076171398162842e-01
4.489236772060394287e-01
4.490358531475067139e-01
4.488054513931274414e-01
4.491810500621795654e-01
4.489736258983612061e-01
4.491441547870635986e-01
4.490618407726287842e-01
4.495345950126647949e-01
4.492693245410919189e-01
4.493173360824584961e-01
4.493083059787750244e-01
4.489605128765106201e-01
4.490778744220733643e-01
4.495881795883178711e-01
4.500925838947296143e-01
4.490067660808563232e-01
4.454012215137481689e-01
4.448426663875579834e-01
4.488214552402496338e-01
4.485733807086944580e-01
4.481322169303894043e-01
4.482505321502685547e-01
4.492261707782745361e-01
4.485453963279724121e-01
4.483895003795623779e-01
4.496482610702514648e-01
4.489077329635620117e-01
4.487690031528472900e-01
4.486727714538574219e-01
4.480621814727783203e-01
4.481624066829681396e-01
4.487428665161132812e-01
4.486431777477264404e-01
4.485734403133392334e-01
4.485625922679901123e-01
4.482590258121490479e-01
4.492799043655395508e-01
4.486552476882934570e-01
4.485543668270111084e-01
4.478605389595031738e-01
4.484728276729583740e-01
4.481345415115356445e-01
4.482067525386810303e-01
4.482509493827819824e-01
4.483594000339508057e-01
4.480955302715301514e-01
4.482320845127105713e-01
4.469184577465057373e-01
4.466557502746582031e-01
4.495467245578765869e-01
4.499972462654113770e-01
4.486662745475769043e-01
4.492810964584350586e-01
4.487348198890686035e-01
4.487068057060241699e-01
4.494249820709228516e-01
4.493627250194549561e-01
4.483000934123992920e-01
4.483426809310913086e-01
4.486738443374633789e-01
4.485417604446411133e-01
4.484208822250366211e-01
4.484494030475616455e-01
4.490841627120971680e-01
4.498986303806304932e-01
4.492270350456237793e-01
4.490107893943786621e-01
4.491819441318511963e-01
4.499796330928802490e-01
4.485329389572143555e-01
4.485743045806884766e-01
4.487380683422088623e-01
4.493939876556396484e-01
4.483987092971801758e-01
4.482542574405670166e-01
4.494814872741699219e-01
4.493118524551391602e-01
4.486733078956604004e-01
4.487252533435821533e-01
4.473759531974792480e-01
4.472899436950683594e-01
4.489312171936035156e-01
4.488508403301239014e-01
4.474052488803863525e-01
4.488046169281005859e-01
4.498189389705657959e-01
4.486544132232666016e-01
4.495680034160614014e-01
4.497088789939880371e-01
4.508924186229705811e-01
4.501968026161193848e-01
4.505139589309692383e-01
4.508630335330963135e-01
4.517348408699035645e-01
4.499259293079376221e-01
4.485240876674652100e-01
4.509895145893096924e-01
4.527718126773834229e-01
4.509659111499786377e-01
4.479593336582183838e-01
4.503442049026489258e-01
4.533644616603851318e-01
4.470335245132446289e-01
4.499973356723785400e-01
4.543391466140747070e-01
4.573759436607360840e-01
4.518122375011444092e-01
4.503938555717468262e-01
4.544750154018402100e-01
4.584551453590393066e-01
4.509074389934539795e-01
4.469252824783325195e-01
4.466143250465393066e-01
4.513970315456390381e-01
4.492560327053070068e-01
4.492353796958923340e-01
4.488340914249420166e-01
4.495601654052734375e-01
4.498074948787689209e-01
4.492234885692596436e-01
4.502000212669372559e-01
4.509922266006469727e-01
4.500853717327117920e-01
4.483825862407684326e-01
4.488376975059509277e-01
4.502123892307281494e-01
4.490080773830413818e-01
4.477534294128417969e-01
4.504567980766296387e-01
4.515476226806640625e-01
4.513830244541168213e-01
4.516073465347290039e-01
4.521377682685852051e-01
4.434966444969177246e-01
4.500350654125213623e-01
4.620907604694366455e-01
4.573589563369750977e-01
4.558856189250946045e-01
4.541660845279693604e-01
4.573006927967071533e-01
4.547580182552337646e-01
4.456153512001037598e-01
4.502349793910980225e-01
4.479789435863494873e-01
4.154755771160125732e-01
4.339394867420196533e-01
4.484300613403320312e-01
4.498659372329711914e-01
4.481226503849029541e-01
4.445222318172454834e-01
4.458445608615875244e-01
4.479150772094726562e-01
4.497050046920776367e-01
4.477958083152770996e-01
4.458168447017669678e-01
4.481010138988494873e-01
4.472596347332000732e-01
4.461455941200256348e-01
4.411937296390533447e-01
4.473420083522796631e-01
4.495496749877929688e-01
4.554453492164611816e-01
4.524167776107788086e-01
4.615066647529602051e-01
4.714643359184265137e-01
4.921150207519531250e-01
5.075894594192504883e-01
5.264934301376342773e-01
5.348048210144042969e-01
5.312581062316894531e-01
5.336698889732360840e-01
5.562044382095336914e-01
5.766231417655944824e-01
5.816912651062011719e-01
5.757582783699035645e-01
5.756033062934875488e-01
5.884915590286254883e-01
6.967230439186096191e-01
7.706130146980285645e-01
8.350518345832824707e-01
8.371389508247375488e-01
8.622264862060546875e-01
8.758512139320373535e-01
8.929437994956970215e-01
8.915777802467346191e-01
9.021832346916198730e-01
9.007627964019775391e-01
9.046491980552673340e-01
9.012960791587829590e-01
9.030184149742126465e-01
9.024904370307922363e-01
9.051491022109985352e-01
9.034215211868286133e-01
9.068118333816528320e-01
9.066750407218933105e-01
9.089510440826416016e-01
9.040144681930541992e-01
9.054114818572998047e-01
9.051616191864013672e-01
9.038683772087097168e-01
9.023643136024475098e-01
9.036053419113159180e-01
9.020490646362304688e-01
9.037323594093322754e-01
9.038186073303222656e-01
9.027146697044372559e-01
9.013912081718444824e-01
9.067583680152893066e-01
9.027178287506103516e-01
8.862466216087341309e-01
9.015933275222778320e-01
9.066268801689147949e-01
9.056671857833862305e-01
9.020546078681945801e-01
9.025588631629943848e-01
9.017693996429443359e-01
9.027827978134155273e-01
9.009395837783813477e-01
9.022655487060546875e-01
9.029799103736877441e-01
9.021536707878112793e-01
9.011441469192504883e-01
8.995935320854187012e-01
9.008724093437194824e-01
9.003369212150573730e-01
9.002513289451599121e-01
8.988563418388366699e-01
9.017007350921630859e-01
8.992077708244323730e-01
9.010802507400512695e-01
8.986817002296447754e-01
9.011757969856262207e-01
9.001061916351318359e-01
9.008137583732604980e-01
8.998007178306579590e-01
9.013093709945678711e-01
8.982979059219360352e-01
9.020360708236694336e-01
9.000476598739624023e-01
9.007372260093688965e-01
8.999150395393371582e-01
8.992484807968139648e-01
9.021860957145690918e-01
9.020950794219970703e-01
9.009307622909545898e-01
9.039994478225708008e-01
9.019073843955993652e-01
9.007402658462524414e-01
9.026041030883789062e-01
9.025620222091674805e-01
9.020454287528991699e-01
9.009867906570434570e-01
9.014393687248229980e-01
9.010540843009948730e-01
8.999533653259277344e-01
8.983873128890991211e-01
8.987942337989807129e-01
8.996260166168212891e-01
9.003348946571350098e-01
8.997122645378112793e-01
8.992828130722045898e-01
9.002714753150939941e-01
9.005560874938964844e-01
8.990498185157775879e-01
9.003161787986755371e-01
8.999416828155517578e-01
9.000940322875976562e-01
8.985443115234375000e-01
8.984227180480957031e-01
8.994005322456359863e-01
8.996620774269104004e-01
8.994342088699340820e-01
8.984655141830444336e-01
8.971213698387145996e-01
8.969539999961853027e-01
8.987307548522949219e-01
8.990280032157897949e-01
9.003856182098388672e-01
8.984284996986389160e-01
8.984146118164062500e-01
9.005773067474365234e-01
8.999413847923278809e-01
8.994444012641906738e-01
8.993162512779235840e-01
8.998181819915771484e-01
8.993758559226989746e-01
8.992182016372680664e-01
8.991260528564453125e-01
8.989927172660827637e-01
8.997151851654052734e-01
8.994130492210388184e-01
8.991080522537231445e-01
8.990707397460937500e-01
8.999715447425842285e-01
8.995527029037475586e-01
8.994632959365844727e-01
8.982867002487182617e-01
8.992421030998229980e-01
8.990676999092102051e-01
8.995662927627563477e-01
8.988804817199707031e-01
8.991643190383911133e-01
8.987168073654174805e-01
8.993088603019714355e-01
8.992598056793212891e-01
8.978641033172607422e-01
8.982597589492797852e-01
8.986676931381225586e-01
8.994555473327636719e-01
9.008834958076477051e-01
8.999423384666442871e-01
8.992662429809570312e-01
8.999869823455810547e-01
9.004290103912353516e-01
9.007593393325805664e-01
9.002000689506530762e-01
9.003797769546508789e-01
8.996046185493469238e-01
9.001380801200866699e-01
8.999375700950622559e-01
9.001827836036682129e-01
8.999624848365783691e-01
8.998873233795166016e-01
8.996824622154235840e-01
9.006834626197814941e-01
9.001210331916809082e-01
8.999713063240051270e-01
8.998028039932250977e-01
8.996871113777160645e-01
8.990044593811035156e-01
8.993530869483947754e-01
8.996548652648925781e-01
8.998186588287353516e-01
8.996769785881042480e-01
9.000547528266906738e-01
9.000372886657714844e-01
9.008331894874572754e-01
8.993322849273681641e-01
8.981248140335083008e-01
8.983245491981506348e-01
8.975421190261840820e-01
8.996419310569763184e-01
8.992693424224853516e-01
8.987318277359008789e-01
8.998187184333801270e-01
9.006540179252624512e-01
8.994640707969665527e-01
8.995708227157592773e-01
8.998237252235412598e-01
9.001250267028808594e-01
8.993954658508300781e-01
8.997128605842590332e-01
8.991909027099609375e-01
8.999155163764953613e-01
8.994314074516296387e-01
8.996324539184570312e-01
8.996264934539794922e-01
9.009206891059875488e-01
8.994399309158325195e-01
8.996309041976928711e-01
8.995888233184814453e-01
8.999651670455932617e-01
8.991021513938903809e-01
8.992710709571838379e-01
8.993621468544006348e-01
8.990318775177001953e-01
8.987472653388977051e-01
8.989015221595764160e-01
8.994900584220886230e-01
8.993055224418640137e-01
8.991343975067138672e-01
8.991497755050659180e-01
8.989361524581909180e-01
9.001075625419616699e-01
8.999902606010437012e-01
8.991247415542602539e-01
8.998501896858215332e-01
8.996543288230895996e-01
8.998634815216064453e-01
8.996958732604980469e-01
9.001002311706542969e-01
8.993761539459228516e-01
8.994278907775878906e-01
8.998822569847106934e-01
8.997381925582885742e-01
8.990928530693054199e-01
8.996688127517700195e-01
8.993681073188781738e-01
8.999783396720886230e-01
9.002250432968139648e-01
9.000868201255798340e-01
8.998897671699523926e-01
8.998407125473022461e-01
8.995468616485595703e-01
8.995490074157714844e-01
8.994568586349487305e-01
8.998504281044006348e-01
8.993213772773742676e-01
8.994870185852050781e-01
8.992792963981628418e-01
8.996527791023254395e-01
8.992798328399658203e-01
8.979516625404357910e-01
8.979640603065490723e-01
8.988367319107055664e-01
8.988915681838989258e-01
8.985638618469238281e-01
8.992063403129577637e-01
8.997083306312561035e-01
8.996526002883911133e-01
8.991832137107849121e-01
8.992841839790344238e-01
8.995229601860046387e-01
8.995525240898132324e-01
8.991489410400390625e-01
9.000670313835144043e-01
8.998997807502746582e-01
8.994668722152709961e-01
8.990582227706909180e-01
8.998346924781799316e-01
8.999133110046386719e-01
8.999993801116943359e-01
8.993781805038452148e-01
8.994359374046325684e-01
8.995178341865539551e-01
8.997672796249389648e-01
8.993863463401794434e-01
8.994363546371459961e-01
8.997507691383361816e-01
8.994110226631164551e-01
8.990770578384399414e-01
8.989114761352539062e-01
8.990603089332580566e-01
8.999332189559936523e-01
8.995054364204406738e-01
8.989237546920776367e-01
8.988081812858581543e-01
8.996399641036987305e-01
8.992007374763488770e-01
8.991724252700805664e-01
8.999825119972229004e-01
8.997143507003784180e-01
8.996840119361877441e-01
8.994857668876647949e-01
8.997787833213806152e-01
8.994180560111999512e-01
9.000380039215087891e-01
9.001284241676330566e-01
9.002543091773986816e-01
8.994050621986389160e-01
8.998370170593261719e-01
8.996799588203430176e-01
8.999944329261779785e-01
8.991445302963256836e-01
9.000858068466186523e-01
8.994435667991638184e-01
8.999340534210205078e-01
8.992981910705566406e-01
8.999426364898681641e-01
8.995392322540283203e-01
8.996972441673278809e-01
8.994235396385192871e-01
8.996396660804748535e-01
8.990524411201477051e-01
8.997617363929748535e-01
9.001339077949523926e-01
8.995453119277954102e-01
8.990533947944641113e-01
8.985207676887512207e-01
8.992702364921569824e-01
8.990064859390258789e-01
8.990653157234191895e-01
8.991448283195495605e-01
9.000402092933654785e-01
8.996236920356750488e-01
8.992910981178283691e-01
8.993141055107116699e-01
9.001014828681945801e-01
8.995949029922485352e-01
8.995958566665649414e-01
8.992791175842285156e-01
9.001823067665100098e-01
8.995251655578613281e-01
8.997609615325927734e-01
8.996116518974304199e-01
8.998857140541076660e-01
8.994805216789245605e-01
8.993250727653503418e-01
8.995324373245239258e-01
9.002280235290527344e-01
8.998024463653564453e-01
8.991526961326599121e-01
8.991460204124450684e-01
8.996148109436035156e-01
8.990459442138671875e-01
8.989099264144897461e-01
8.986301422119140625e-01
8.998981118202209473e-01
9.000526666641235352e-01
8.992597460746765137e-01
8.988040089607238770e-01
8.993441462516784668e-01
8.998594284057617188e-01
8.995155096054077148e-01
8.996288180351257324e-01
8.995527029037475586e-01
8.999418616294860840e-01
8.997528553009033203e-01
8.999794721603393555e-01
8.998404145240783691e-01
8.997747302055358887e-01
9.000127315521240234e-01
8.999651074409484863e-01
8.995342254638671875e-01
8.997526168823242188e-01
8.998607993125915527e-01
9.004706144332885742e-01
9.001420140266418457e-01
9.001104235649108887e-01
8.999987840652465820e-01
8.996461033821105957e-01
8.995552062988281250e-01
8.999251127243041992e-01
8.994249701499938965e-01
8.995320200920104980e-01
8.993275761604309082e-01
8.990536928176879883e-01
8.991754651069641113e-01
8.986382484436035156e-01
8.998308777809143066e-01
8.996083140373229980e-01
8.995777368545532227e-01
8.995646238327026367e-01
8.993995785713195801e-01
8.995082378387451172e-01
8.993972539901733398e-01
8.994330167770385742e-01
8.994279503822326660e-01
8.990604281425476074e-01
8.995244503021240234e-01
8.992628455162048340e-01
8.993002772331237793e-01
8.990654945373535156e-01
8.991641402244567871e-01
8.994279503822326660e-01
8.998209834098815918e-01
8.995701670646667480e-01
8.997226953506469727e-01
8.996600508689880371e-01
8.993313312530517578e-01
8.992145061492919922e-01
8.993974924087524414e-01
8.995035290718078613e-01
8.991907238960266113e-01
8.991317152976989746e-01
8.992753028869628906e-01
8.994575738906860352e-01
8.989368677139282227e-01
8.988018035888671875e-01
8.990513682365417480e-01
8.987738490104675293e-01
